                                                  The MEANS Procedure

 Variable        N             Mean         Std Dev          Minimum          Maximum
 ------------------------------------------------------------------------------------
 i_sys7          8      103.0125000       2.5809398       99.4000000      107.0000000
 i_sys11         8      104.0125000       2.7367538      100.4000000      108.5000000
 i_sys18         8      121.5375000       5.8370583      112.3000000      129.4000000
 i_sys26         8      117.3375000       5.5884926      108.9000000      125.0000000
 i_sys32         8      118.5500000       5.6968663      110.1000000      126.5000000
 i_sys38         8      121.0000000       4.6120959      113.5000000      127.6000000
 i_sys45         8      122.2250000       4.9155003      114.2000000      129.0000000
 AUC_sys         8     1396.5750000     172.5902621     1116.9000000     1639.9500000
 i_dia7          8       61.6875000       1.9074572       59.0000000       64.0000000
 i_dia11         8       68.1875000       2.0897283       64.8000000       71.1000000
 i_dia18         8       57.5750000       2.1405940       54.6000000       60.2000000
 i_dia26         8       72.0875000       2.6150321       67.7000000       76.1000000
 i_dia32         8       76.2375000       2.7541851       71.6000000       80.4000000
 i_dia38         8       78.5875000       3.1714969       73.4000000       83.3000000
 i_dia45         8       80.8250000       4.6308746       74.0000000       87.2000000
 AUC_dia         8     1545.9625000      91.0231279     1393.6500000     1681.5500000
 i_map7          8       75.4500000       2.1159260       72.6000000       78.3000000
 i_map11         8       80.1500000       2.2915996       76.7000000       83.6000000
 i_map18         8       78.8875000       2.8362135       74.0000000       82.9000000
 i_map26         8       87.1625000       3.5484151       81.4000000       92.4000000
 i_map32         8       90.3500000       3.6870429       84.4000000       95.8000000
 i_map38         8       92.7250000       3.6593325       86.8000000       98.1000000
 i_map45         8       94.6250000       4.6927756       87.4000000      101.1000000
 AUC_map         8     1369.5187500     116.2171426     1174.9500000     1541.2500000
 ------------------------------------------------------------------------------------


